x,y
374.1225,0.357601
376.051,0.3217458
377.9795,0.2963009
379.9079,0.290385
381.8364,0.2918422
383.7649,0.2776677
385.6933,0.2716188
387.6218,0.27507
389.5503,0.2730823
391.4787,0.2833687
393.4072,0.2734268
395.3357,0.2707751
397.2641,0.2696425
399.1926,0.2572575
401.1211,0.2266438
403.0495,0.2086184
404.978,0.2028063
406.9065,0.194082
408.8349,0.1822872
410.7634,0.1779494
412.6919,0.1730649
414.6203,0.166633
416.5488,0.1608365
418.4773,0.1606578
420.4057,0.1612498
422.3342,0.158168
424.2627,0.1569308
426.1911,0.1559226
428.1196,0.1555165
430.0481,0.1558174
431.9765,0.1567317
433.905,0.1597524
435.8335,0.1622476
437.7619,0.1658932
439.6904,0.1731498
441.6189,0.181289
443.5473,0.1872183
445.4758,0.1936049
447.4043,0.1988298
449.3327,0.2021685
451.2612,0.2039756
453.1897,0.2025721
455.1181,0.196787
457.0466,0.1890826
458.9751,0.1805245
460.9035,0.1731108
462.832,0.1684773
464.7605,0.1657933
466.6889,0.161522
468.6174,0.1561721
470.5459,0.1490195
472.4743,0.1417805
474.4028,0.1374021
476.3313,0.1341462
478.2597,0.1313707
480.1882,0.1310898
482.1167,0.1330908
484.0451,0.1383616
485.9736,0.1452414
487.9021,0.1532168
489.8305,0.1627486
491.759,0.1733594
493.6875,0.1832868
495.6159,0.1935159
497.5444,0.2046199
499.4729,0.2151336
501.4013,0.2254228
503.3298,0.2344159
505.2583,0.2398309
507.1867,0.2439814
509.1152,0.2454159
511.0437,0.2443893
512.9721,0.2418701
514.9006,0.2374694
516.829,0.2319215
518.7575,0.2250281
520.686,0.2173843
522.6144,0.2095598
524.5429,0.2012052
526.4714,0.1938801
528.3998,0.1869162
530.3283,0.1808641
532.2568,0.1761482
534.1852,0.1726532
536.1137,0.1702682
538.0422,0.1675901
539.9706,0.164894
541.8991,0.1628201
543.8276,0.1613627
545.756,0.1605768
547.6845,0.1608579
549.613,0.1609071
551.5414,0.1602285
553.4699,0.1596733
555.3984,0.1590252
557.3268,0.158027
559.2553,0.1569727
561.1838,0.1558661
563.1122,0.1542271
565.0407,0.1524189
566.9692,0.1501615
568.8976,0.1470309
570.8261,0.1432324
572.7546,0.1391334
574.683,0.1347677
576.6115,0.1303407
578.54,0.1263224
580.4684,0.1227874
582.3969,0.1193182
584.3254,0.1157444
586.2538,0.1125778
588.1823,0.1095162
590.1108,0.1061602
592.0392,0.1034046
593.9677,0.100895
595.8962,0.09889062
597.8246,0.0966452
599.7531,0.09423212
601.6816,0.09176426
603.61,0.08958749
605.5385,0.08820428
607.467,0.0884719
609.3954,0.09038672
611.3239,0.09342919
613.2524,0.09805518
615.1808,0.1039412
617.1093,0.1114384
619.0378,0.1205218
620.9662,0.1303596
622.8947,0.1408117
624.8232,0.1503049
626.7516,0.1575875
628.6801,0.1635597
630.6086,0.1692361
632.537,0.1744279
634.4655,0.1790433
636.394,0.1839554
638.3224,0.1884448
640.2509,0.1916543
642.1794,0.1925478
644.1078,0.1911828
646.0363,0.1880454
647.9648,0.1836012
649.8932,0.1775782
651.8217,0.1701354
653.7502,0.1625461
655.6786,0.1547236
657.6071,0.1471813
659.5356,0.1401287
661.4641,0.1339006
663.3925,0.1279933
665.321,0.1221319
667.2495,0.1163246
669.1779,0.1110694
671.1064,0.1064641
673.0349,0.1018744
674.9633,0.09764177
676.8918,0.09367546
678.8203,0.08950228
680.7487,0.08497763
682.6772,0.08015989
684.6057,0.07548139
686.5341,0.07085663
688.4626,0.06646852
690.3911,0.06202951
692.3195,0.05833072
694.248,0.05565756
696.1765,0.05353918
698.1049,0.05164089
700.0334,0.04994119
701.9619,0.04827335
703.8903,0.04685103
705.8188,0.04568474
707.7473,0.0447564
709.6757,0.04492505
711.6042,0.04589451
713.5327,0.04725418
715.4611,0.04933016
717.3896,0.051535
719.3181,0.05248549
721.2465,0.05118689
723.175,0.04787614
725.1035,0.04350984
727.0319,0.03944587
728.9604,0.03611871
730.8889,0.03371534
732.8173,0.03215681
734.7458,0.0313377
736.6743,0.0310513
738.6027,0.03075953
740.5312,0.03030155
742.4597,0.03024574
744.3881,0.03067056
746.3166,0.03108465
748.2451,0.03133237
750.1735,0.03184844
752.102,0.03253834
754.0305,0.03330323
755.9589,0.03414081
757.8874,0.03492853
759.8159,0.03568415
761.7443,0.03654554
763.6728,0.03743862
765.6013,0.03863134
767.5297,0.03986254
769.4582,0.04092488
771.3867,0.04228611
773.3151,0.04366431
775.2436,0.04491226
777.1721,0.04630334
779.1005,0.04804768
781.029,0.04988606
782.9575,0.05183717
784.8859,0.05404456
786.8144,0.05635291
788.7429,0.05901189
790.6713,0.06182244
792.5998,0.064675
794.5283,0.06782106
796.4567,0.07144982
798.3852,0.07539916
800.3137,0.07976729
802.2421,0.0840848
804.1706,0.08868725
806.0991,0.09418312
808.0275,0.09993602
809.956,0.1058169
811.8845,0.1123533
813.8129,0.1192809
815.7414,0.12671
817.6699,0.134783
819.5983,0.1430133
821.5268,0.1510172
823.4553,0.1584379
825.3837,0.1656103
827.3122,0.1721142
829.2407,0.1780054
831.1691,0.1829748
833.0976,0.1859905
835.0261,0.186875
836.9545,0.1857965
838.883,0.1838127
840.8115,0.1821208
842.7399,0.1815375
844.6684,0.1828597
846.5969,0.1861013
848.5253,0.1908971
850.4538,0.1967409
852.3823,0.2030772
854.3107,0.209231
856.2392,0.2142951
858.1677,0.2173312
860.0961,0.218516
862.0246,0.2188921
863.9531,0.2204047
865.8815,0.2247758
867.81,0.2323746
869.7385,0.2423047
871.6669,0.2514503
873.5954,0.2581935
875.5239,0.2624634
877.4523,0.2638885
879.3808,0.2622805
881.3093,0.2581544
883.2377,0.2525674
885.1662,0.2457756
887.0947,0.2384773
889.0231,0.2314531
890.9516,0.2248504
892.8801,0.2191347
894.8085,0.2142503
896.737,0.2101057
898.6655,0.2062501
900.5939,0.2023893
902.5224,0.1980683
904.4509,0.1929803
906.3793,0.1880451
908.3078,0.1836036
910.2363,0.1799206
912.1647,0.1774388
914.0932,0.1761441
916.0217,0.1759242
917.9501,0.1771017
919.8786,0.1798602
921.8071,0.1835202
923.7355,0.1883912
925.664,0.1950528
927.5925,0.2031844
929.5209,0.2122798
931.4494,0.2213839
933.3779,0.2298303
935.3063,0.237179
937.2348,0.2432829
939.1633,0.2482527
941.0917,0.251642
943.0202,0.2536118
944.9487,0.2540262
946.8771,0.2522296
948.8056,0.247874
950.7341,0.2410258
952.6625,0.232033
954.591,0.2211581
956.5195,0.2098285
958.4479,0.1987853
960.3764,0.1878134
962.3049,0.1769884
964.2333,0.1662459
966.1618,0.155717
968.0903,0.1455553
970.0187,0.1359668
971.9472,0.1269691
973.8757,0.1185708
975.8041,0.1107449
977.7326,0.103744
979.6611,0.09762605
981.5895,0.09178716
983.518,0.08640193
985.4465,0.08115485
987.3749,0.07629588
989.3034,0.07198086
991.2319,0.0678215
993.1603,0.0639764
995.0888,0.06051791
997.0173,0.05738788
998.9457,0.05443202
1000.874,0.05189583
1002.803,0.04985787
1004.731,0.04856052
1006.66,0.04788082
1008.588,0.04772921
1010.517,0.04796391
1012.445,0.04889124
1014.373,0.05103
1016.302,0.05392744
1018.23,0.0576043
1020.159,0.06235953
1022.087,0.06861622
1024.016,0.07662626
1025.944,0.08601415
1027.873,0.09610874
1029.801,0.1053742
1031.73,0.1121257
1033.658,0.1153861
1035.587,0.1145743
1037.515,0.1107427
1039.443,0.1053675
1041.372,0.09921819
1043.3,0.09333354
1045.229,0.0881355
1047.157,0.08368107
1049.086,0.079871
1051.014,0.0771015
1052.943,0.07554176
1054.871,0.07517989
1056.8,0.07610575
1058.728,0.07835384
1060.657,0.08177442
1062.585,0.08596572
1064.514,0.09100196
1066.442,0.09652481
1068.37,0.1017291
1070.299,0.1059434
1072.227,0.1087069
1074.156,0.1099694
1076.084,0.1102303
1078.013,0.1094136
1079.941,0.1077836
1081.87,0.1057526
1083.798,0.1034928
1085.727,0.1006996
1087.655,0.09774233
1089.584,0.09550831
1091.512,0.09411941
1093.441,0.09346647
1095.369,0.09365597
1097.297,0.09425098
1099.226,0.09515682
1101.154,0.09596498
1103.083,0.09637962
1105.011,0.0962642
1106.94,0.09533229
1108.868,0.09358217
1110.797,0.09145708
1112.725,0.08894359
1114.654,0.08565046
1116.582,0.08182169
1118.511,0.07794576
1120.439,0.07334866
1122.368,0.0680295
1124.296,0.0628232
1126.224,0.05772029
1128.153,0.05255852
1130.081,0.04740293
1132.01,0.04241047
1133.938,0.03768224
1135.867,0.03337967
1137.795,0.02961836
1139.724,0.02630784
1141.652,0.02330605
1143.581,0.02089656
1145.509,0.01891848
1147.438,0.01740397
1149.366,0.01638259
1151.295,0.01544932
1153.223,0.01448615
1155.151,0.01378503
1157.08,0.01311386
1159.008,0.01243768
1160.937,0.01199577
1162.865,0.01163456
1164.794,0.01101497
1166.722,0.01048105
1168.651,0.01008887
1170.579,0.00948359
1172.508,0.00908184
1174.436,0.008829333
1176.365,0.008568161
1178.293,0.008260485
1180.222,0.008089874
1182.15,0.00792517
1184.078,0.007637727
1186.007,0.007398671
1187.935,0.007045466
1189.864,0.006681349
1191.792,0.006559226
1193.721,0.006507474
1195.649,0.006326944
1197.578,0.006153497
1199.506,0.006083782
1201.435,0.005977702
1203.363,0.005757538
1205.292,0.00560358
1207.22,0.005390063
1209.149,0.005249978
1211.077,0.00522767
1213.005,0.005284708
1214.934,0.005211102
1216.862,0.005055217
1218.791,0.005031061
1220.719,0.005147527
1222.648,0.005123835
1224.576,0.004912862
1226.505,0.00483726
1228.433,0.004776276
1230.362,0.004721255
1232.29,0.004820482
1234.219,0.004938998
1236.147,0.005020096
1238.076,0.004896846
1240.004,0.004860443
1241.932,0.004853178
1243.861,0.004868865
1245.789,0.004921941
1247.718,0.004929185
1249.646,0.004839413
1251.575,0.004785168
1253.503,0.004791913
1255.432,0.004702186
1257.36,0.004638438
1259.289,0.004484531
1261.217,0.00454824
1263.146,0.004781781
1265.074,0.004675223
1267.003,0.004442547
1268.931,0.004381539
1270.859,0.004463076
1272.788,0.004519381
1274.716,0.004619494
1276.645,0.004706039
1278.573,0.004822536
1280.502,0.004724921
1282.43,0.004514635
1284.359,0.004414822
1286.287,0.004423942
1288.216,0.004475923
1290.144,0.004446428
1292.073,0.004525403
1294.001,0.004601966
1295.93,0.004502075
1297.858,0.004414413
1299.786,0.004326529
1301.715,0.004446006
1303.643,0.00446918
1305.572,0.004460008
1307.5,0.004501922
1309.429,0.004467193
1311.357,0.004388995
1313.286,0.004539606
1315.214,0.004537092
1317.143,0.004362137
1319.071,0.004338445
1321.0,0.004404902
1322.928,0.00442114
1324.857,0.004452446
1326.785,0.004475054
1328.714,0.004448904
1330.642,0.004510724
1332.57,0.004656917
1334.499,0.004827179
1336.427,0.004816696
1338.356,0.00482083
1340.284,0.004820029
1342.213,0.004830642
1344.141,0.004928886
1346.07,0.004798698
1347.998,0.004622049
1349.927,0.004733985
1351.855,0.004854009
1353.784,0.004841033
1355.712,0.004928282
1357.641,0.004933387
1359.569,0.005014853
1361.497,0.005138268
1363.426,0.005248452
1365.354,0.005346437
1367.283,0.005291684
1369.211,0.005275711
1371.14,0.005394855
1373.068,0.005447482
1374.997,0.00541357
1376.925,0.005444505
1378.854,0.00560425
1380.782,0.005590199
1382.711,0.00564994
1384.639,0.00560424
1386.568,0.005827995
1388.496,0.005980961
1390.424,0.005911662
1392.353,0.005984948
1394.281,0.006252103
1396.21,0.006293331
1398.138,0.006219971
1400.067,0.006159754
1401.995,0.006255153
1403.924,0.006500673
1405.852,0.00659021
1407.781,0.006474829
1409.709,0.006559706
1411.638,0.006725234
1413.566,0.006811803
1415.495,0.006788089
1417.423,0.006869094
1419.351,0.006927615
1421.28,0.00682088
1423.208,0.006906383
1425.137,0.007068563
1427.065,0.007191586
1428.994,0.007326002
1430.922,0.007262971
1432.851,0.007182365
1434.779,0.007217954
1436.708,0.007297779
1438.636,0.007019909
1440.565,0.007131807
1442.493,0.007253666
1444.422,0.007276775
1446.35,0.007394131
1448.278,0.007376945
1450.207,0.00720331
1452.135,0.00732172
1454.064,0.007638639
1455.992,0.008074223
1457.921,0.00786033
1459.849,0.007332869
1461.778,0.00735706
1463.706,0.007587983
1465.635,0.007732752
1467.563,0.007542089
1469.492,0.007451005
1471.42,0.007692758
1473.349,0.007870706
1475.277,0.007704462
1477.205,0.007520128
1479.134,0.007489037
1481.062,0.007583805
1482.991,0.007454628
1484.919,0.007562135
1486.848,0.007938679
1488.776,0.008060301
1490.705,0.007934271
1492.633,0.007759315
1494.562,0.007941114
1496.49,0.008152626
1498.419,0.008013126
1500.347,0.007963149
1502.276,0.007985074
1504.204,0.008390803
1506.132,0.008948885
1508.061,0.008731365
1509.989,0.008235539
1511.918,0.008068073
1513.846,0.008021391
1515.775,0.008148653
1517.703,0.00827924
1519.632,0.008559746
1521.56,0.00880283
1523.489,0.008374189
1525.417,0.0081987
1527.346,0.008153013
1529.274,0.008064207
1531.203,0.008248132
1533.131,0.008549591
1535.059,0.008372119
1536.988,0.00858998
1538.916,0.009239727
1540.845,0.009304729
1542.773,0.008870232
1544.702,0.008624018
1546.63,0.008438286
1548.559,0.008460031
1550.487,0.008397216
1552.416,0.008325009
1554.344,0.008699657
1556.273,0.009184228
1558.201,0.009729173
1560.13,0.009495306
1562.058,0.008628338
1563.986,0.008429084
1565.915,0.008412582
1567.843,0.008484218
1569.772,0.008524778
1571.7,0.008302428
1573.629,0.008606602
1575.557,0.009127764
1577.486,0.00903295
1579.414,0.008691825
1581.343,0.008625127
1583.271,0.008582789
1585.2,0.008525545
1587.128,0.008380197
1589.057,0.008328399
1590.985,0.008503288
1592.913,0.008565908
1594.842,0.008611163
1596.77,0.00878391
1598.699,0.00878277
1600.627,0.008678326
1602.556,0.008744271
1604.484,0.008734928
1606.413,0.008642489
1608.341,0.008691282
1610.27,0.008984137
1612.198,0.009027417
1614.127,0.009170853
1616.055,0.009638756
1617.984,0.009539987
1619.912,0.009167016
1621.84,0.00922486
1623.769,0.009273443
1625.697,0.009284402
1627.626,0.009389245
1629.554,0.00939933
1631.483,0.009388103
1633.411,0.00964582
1635.34,0.009866676
1637.268,0.009519858
1639.197,0.009253642
1641.125,0.009410087
1643.054,0.009433392
1644.982,0.009728016
1646.911,0.01001783
1648.839,0.009756531
1650.767,0.0102258
1652.696,0.01117889
1654.624,0.01038345
1656.553,0.009455113
1658.481,0.009393685
1660.41,0.009528358
1662.338,0.00977354
1664.267,0.009727811
1666.195,0.009595514
1668.124,0.009946678
1670.052,0.01008666
1671.981,0.009921376
1673.909,0.009905324
1675.838,0.0100273
1677.766,0.009769078
1679.694,0.009783973
1681.623,0.009935664
1683.551,0.01049549
1685.48,0.01052196
1687.408,0.01001253
1689.337,0.009832027
1691.265,0.00977743
1693.194,0.009967406
1695.122,0.01058717
1697.051,0.01051793
1698.979,0.01063941
1700.908,0.01072651
1702.836,0.009901387
1704.765,0.009666307
1706.693,0.009531961
1708.621,0.009523521
1710.55,0.009593289
1712.478,0.00962497
1714.407,0.009835459
1716.335,0.01038171
1718.264,0.01025039
1720.192,0.009467015
1722.121,0.009277419
1724.049,0.009202272
1725.978,0.009063729
1727.906,0.0089717
1729.835,0.008858113
1731.763,0.009083307
1733.692,0.009599721
1735.62,0.00902083
1737.548,0.008525573
1739.477,0.008857802
1741.405,0.008955723
1743.334,0.008808655
1745.262,0.008793886
1747.191,0.008885016
1749.119,0.009202735
1751.048,0.009414339
1752.976,0.008806958
1754.905,0.008537815
1756.833,0.008782465
1758.762,0.008741884
1760.69,0.008947585
1762.619,0.008948817
1764.547,0.008859886
1766.475,0.009045565
1768.404,0.008913395
1770.332,0.008923411
1772.261,0.009487308
1774.189,0.009329817
1776.118,0.008877024
1778.046,0.008858534
1779.975,0.00901223
1781.903,0.009046963
1783.832,0.009159856
1785.76,0.009168682
1787.689,0.008896148
1789.617,0.008726244
1791.546,0.00901184
1793.474,0.009235588
1795.402,0.009093653
1797.331,0.008962506
1799.259,0.008755054
1801.188,0.008930547
1803.116,0.009090957
1805.045,0.008989598
1806.973,0.008984486
1808.902,0.008916414
1810.83,0.008648274
1812.759,0.008569799
1814.687,0.008598368
1816.616,0.008541849
1818.544,0.008850962
1820.473,0.00912507
1822.401,0.009228994
1824.329,0.009402737
1826.258,0.008967817
1828.186,0.008863282
1830.115,0.009227508
1832.043,0.009236064
1833.972,0.009093955
1835.9,0.009042052
1837.829,0.009068856
1839.757,0.008926469
1841.686,0.008733387
1843.614,0.008825846
1845.543,0.008856039
1847.471,0.008753705
1849.4,0.008752991
1851.328,0.008814461
1853.256,0.008571067
1855.185,0.008499099
1857.113,0.008871806
1859.042,0.008624159
1860.97,0.008750407
1862.899,0.009311879
1864.827,0.009244953
1866.756,0.008979033
1868.684,0.008942733
1870.613,0.00893078
1872.541,0.008825199
1874.47,0.008675076
1876.398,0.008859969
1878.327,0.009148725
1880.255,0.008830064
1882.183,0.008656128
1884.112,0.008940949
1886.04,0.009077352
1887.969,0.008909228
1889.897,0.008960996
1891.826,0.008875151
1893.754,0.008733948
1895.683,0.008622044
1897.611,0.008452993
1899.54,0.00873156
1901.468,0.008928729
1903.397,0.008689951
1905.325,0.008466116
1907.254,0.008141355
1909.182,0.008561227
1911.11,0.009368539
1913.039,0.008921552
1914.967,0.008554026
1916.896,0.008759349
1918.824,0.008906698
1920.753,0.008620958
1922.681,0.008017828
1924.61,0.007580055
1926.538,0.007542496
1928.467,0.007667338
1930.395,0.008111671
1932.324,0.008163348
1934.252,0.008254271
1936.181,0.008429148
1938.109,0.008236294
1940.037,0.00800071
1941.966,0.008613324
1943.894,0.008446857
1945.823,0.008165367
1947.751,0.007398825
1949.68,0.007186823
1951.608,0.008383586
1953.537,0.0090603
1955.465,0.009094457
1957.394,0.008038044
1959.322,0.007289348
1961.251,0.007079012
1963.179,0.007408675
1965.108,0.008578825
1967.036,0.009170537
1968.964,0.008120335
1970.893,0.006563168
1972.821,0.007918036
1974.75,0.008753312
1976.678,0.008625369
1978.607,0.009980852
1980.535,0.01058378
1982.464,0.01080179
1984.392,0.01071103
1986.321,0.01032191
1988.249,0.01045375
1990.178,0.01088262
1992.106,0.01096148
1994.035,0.01085594
1995.963,0.01022712
1997.891,0.009191546
1999.82,0.009338851
2001.748,0.009193538
2003.677,0.008325961
2005.605,0.008558229
2007.534,0.009973353
2009.462,0.009769333
2011.391,0.009793064
2013.319,0.00978208
2015.248,0.009677273
2017.176,0.009626186
2019.105,0.008456131
2021.033,0.007267312
2022.962,0.008580441
2024.89,0.009374887
2026.818,0.01010496
2028.747,0.009060371
2030.675,0.00899713
2032.604,0.009620213
2034.532,0.009062846
2036.461,0.007776575
2038.389,0.008166608
2040.318,0.008866121
2042.246,0.009464748
2044.175,0.01035909
2046.103,0.01136969
2048.031,0.01151947
2049.96,0.01061542
2051.888,0.009384105
2053.817,0.009590115
2055.745,0.01057411
2057.674,0.009887485
2059.602,0.00929022
2061.531,0.009143983
2063.459,0.008918687
2065.388,0.008383841
2067.316,0.008597597
2069.245,0.009017583
2071.173,0.009087821
2073.102,0.009779804
2075.03,0.01024525
2076.958,0.009579507
2078.887,0.009594528
2080.815,0.009754723
2082.744,0.01013698
2084.672,0.01015566
2086.601,0.009476416
2088.529,0.009485663
2090.458,0.009688465
2092.386,0.009057931
2094.315,0.009144431
2096.243,0.009474656
2098.172,0.01038848
2100.1,0.01066355
2102.029,0.0103484
2103.957,0.01042558
2105.885,0.01100721
2107.814,0.01131839
2109.742,0.01107944
2111.671,0.01063282
2113.599,0.009864733
2115.528,0.00980841
2117.456,0.009508365
2119.385,0.009832821
2121.313,0.01050882
2123.242,0.01031282
2125.17,0.009637208
2127.099,0.008335595
2129.027,0.007474419
2130.956,0.006826777
2132.884,0.006442038
2134.813,0.007574529
2136.741,0.008086876
2138.669,0.007869746
2140.598,0.006436411
2142.526,0.005121556
2144.455,0.005017072
2146.383,0.005469369
2148.312,0.006335612
2150.24,0.006367554
2152.169,0.00530961
2154.097,0.004752136
2156.026,0.002561618
2157.954,0.00274482
2159.883,0.007202681
2161.811,0.00806276
2163.74,0.007457744
2165.668,0.008605495
2167.596,0.008281904
2169.525,0.007484495
2171.453,0.006649461
2173.382,0.005598363
2175.31,0.00391792
2177.239,0.004486018
2179.167,0.00478959
2181.096,0.004965553
2183.024,0.006796424
2184.953,0.008109055
2186.881,0.007622379
2188.81,0.00706034
2190.738,0.008145973
2192.667,0.008217631
2194.595,0.008419464
2196.523,0.008327303
2198.452,0.0079946
2200.38,0.007891485
2202.309,0.006938268
2204.237,0.007329177
2206.166,0.008614018
2208.094,0.008625534
2210.023,0.007764678
2211.951,0.007863077
2213.88,0.008477982
2215.808,0.007793961
2217.737,0.007018701
2219.665,0.006307268
2221.594,0.006543354
2223.522,0.007522041
2225.45,0.008142005
2227.379,0.008311397
2229.307,0.008534901
2231.236,0.008661999
2233.164,0.008347316
2235.093,0.008740415
2237.021,0.009135605
2238.95,0.008661557
2240.878,0.007545138
2242.807,0.007439674
2244.735,0.00825524
2246.664,0.008530157
2248.592,0.007847087
2250.521,0.008290878
2252.449,0.008206312
2254.377,0.008164451
2256.306,0.008577627
2258.234,0.009260305
2260.163,0.009381542
2262.091,0.009560656
2264.02,0.009974908
2265.948,0.01040626
2267.877,0.01086556
2269.805,0.01069087
2271.734,0.01017323
2273.662,0.01073668
2275.591,0.01062277
2277.519,0.01065962
2279.448,0.01143346
2281.376,0.01187719
2283.304,0.01238137
2285.233,0.01242579
2287.161,0.01206325
2289.09,0.01202244
2291.018,0.01196727
2292.947,0.01194827
2294.875,0.01208554
2296.804,0.0118825
2298.732,0.01198759
2300.661,0.01227976
2302.589,0.0122787
2304.518,0.01243261
2306.446,0.01273129
2308.375,0.01214595
2310.303,0.01223591
2312.231,0.01264808
2314.16,0.01253424
2316.088,0.01275584
2318.017,0.01327126
2319.945,0.01359413
2321.874,0.01365784
2323.802,0.01399406
2325.731,0.01350877
2327.659,0.01300415
2329.588,0.01317577
2331.516,0.01301271
2333.445,0.01305965
2335.373,0.0134103
2337.302,0.01316095
2339.23,0.01322795
2341.158,0.01376341
2343.087,0.01359558
2345.015,0.0130472
2346.944,0.0124805
2348.872,0.01210564
2350.801,0.01293274
2352.729,0.01373622
2354.658,0.01385029
2356.586,0.013345
2358.515,0.01301506
2360.443,0.01334117
2362.372,0.0135996
2364.3,0.01360641
2366.229,0.01355959
2368.157,0.01348987
2370.085,0.01322885
2372.014,0.01308128
2373.942,0.01290289
2375.871,0.01268948
2377.799,0.0126272
2379.728,0.01256632
2381.656,0.01275042
2383.585,0.01235104
2385.513,0.01222122
2387.442,0.01226736
2389.37,0.01244167
2391.299,0.01258219
2393.227,0.01236249
2395.156,0.0121969
2397.084,0.01183616
2399.012,0.01181457
2400.941,0.0118095
2402.869,0.01201701
2404.798,0.01266273
2406.726,0.01276451
2408.655,0.01238678
2410.583,0.01231361
2412.512,0.01236317
2414.44,0.01270152
2416.369,0.01273784
2418.297,0.01225986
2420.226,0.01266499
2422.154,0.01249047
2424.083,0.01217527
2426.011,0.01200753
2427.939,0.01264755
2429.868,0.01306395
2431.796,0.0131426
2433.725,0.01289235
2435.653,0.01281402
2437.582,0.01296282
2439.51,0.01342657
2441.439,0.01345505
2443.367,0.01338131
2445.296,0.01312032
2447.224,0.01253507
2449.153,0.01237425
2451.081,0.01259148
2453.01,0.01242836
2454.938,0.01261475
2456.866,0.01290345
2458.795,0.01318689
2460.723,0.01331619
2462.652,0.01298942
2464.58,0.01284495
2466.509,0.01287427
2468.437,0.01330336
2470.366,0.01320511
2472.294,0.01253435
2474.223,0.01222808
2476.151,0.01281691
2478.08,0.01309498
2480.008,0.0126201
2481.937,0.01230089
2483.865,0.01290889
2485.793,0.01324497
2487.722,0.01306509
2489.65,0.01253914
2491.579,0.01189051
2493.507,0.01260654
2495.436,0.01346561
2497.364,0.01328861
2499.293,0.01281292
2501.221,0.01251098
2503.15,0.01258095
2505.078,0.01277514
2507.007,0.01262143
2508.935,0.01225082
2510.864,0.01201425
2512.792,0.01234586
2514.72,0.01253686
2516.649,0.01287034
2518.577,0.01312891
2520.506,0.01270164
2522.434,0.01249112
2524.363,0.01215868
2526.291,0.01207884
2528.22,0.01218462
2530.148,0.01220689
2532.077,0.01218285
2534.005,0.01184682
2535.934,0.01168845
2537.862,0.01142991
2539.791,0.01222737
2541.719,0.0128128
2543.647,0.01281817
2545.576,0.01278531
2547.504,0.01327167
2549.433,0.01358278
2551.361,0.0130991
2553.29,0.01245824
2555.218,0.01248281
2557.147,0.01255195
2559.075,0.01254581
2561.004,0.01315067
2562.932,0.01299861
2564.861,0.01250696
2566.789,0.01222544
2568.718,0.01220812
2570.646,0.01249581
2572.574,0.01259449
2574.503,0.01274137
2576.431,0.01298528
2578.36,0.01315171
2580.288,0.01329866
2582.217,0.01288193
2584.145,0.01180682
2586.074,0.01170211
2588.002,0.01214946
2589.931,0.01252655
2591.859,0.01265295
2593.788,0.01282238
2595.716,0.01265568
2597.645,0.01247048
2599.573,0.0124429
2601.501,0.01261808
2603.43,0.01291873
2605.358,0.01292621
2607.287,0.01241684
2609.215,0.01189236
2611.144,0.01224463
2613.072,0.01240439
2615.001,0.01213511
2616.929,0.012725
2618.858,0.01312783
2620.786,0.01328632
2622.715,0.01324097
2624.643,0.01268838
2626.572,0.01289713
2628.5,0.01350361
2630.428,0.01326387
2632.357,0.01334657
2634.285,0.01321559
2636.214,0.01302947
2638.142,0.01296111
2640.071,0.01300933
2641.999,0.01341724
2643.928,0.01361398
2645.856,0.01349919
2647.785,0.0130288
2649.713,0.01280762
2651.642,0.0130907
2653.57,0.01317288
2655.499,0.01356636
2657.427,0.01355956
2659.355,0.01304367
2661.284,0.01281986
2663.212,0.01301297
2665.141,0.01312858
2667.069,0.01295013
2668.998,0.01296343
2670.926,0.01284349
2672.855,0.0130711
2674.783,0.01323488
2676.712,0.0129452
2678.64,0.01265382
2680.569,0.01282124
2682.497,0.01299961
2684.426,0.01290336
2686.354,0.01271114
2688.282,0.01247094
2690.211,0.01214677
2692.139,0.01219117
2694.068,0.01272652
2695.996,0.01294263
2697.925,0.01274655
2699.853,0.01271876
2701.782,0.01279093
2703.71,0.01283203
2705.639,0.01313451
2707.567,0.01316546
2709.496,0.01294308
2711.424,0.01301288
2713.353,0.01300232
2715.281,0.01293206
2717.209,0.01257411
2719.138,0.01260798
2721.066,0.012796
2722.995,0.01272272
2724.923,0.01288816
2726.852,0.01266622
2728.78,0.01257109
2730.709,0.01311248
2732.637,0.01301051
2734.566,0.0127385
2736.494,0.01252259
2738.423,0.01261422
2740.351,0.0129257
2742.28,0.01312385
2744.208,0.01316222
2746.136,0.01286257
2748.065,0.01295472
2749.993,0.01307832
2751.922,0.01320401
2753.85,0.01336126
2755.779,0.01346517
2757.707,0.01337471
2759.636,0.0130529
2761.564,0.01322068
2763.493,0.01362224
2765.421,0.01352517
2767.35,0.01346051
2769.278,0.01345217
2771.207,0.01350954
2773.135,0.01327923
2775.063,0.01328781
2776.992,0.01380055
2778.92,0.01402782
2780.849,0.01402049
2782.777,0.01369976
2784.706,0.01331663
2786.634,0.01336534
2788.563,0.01370423
2790.491,0.01367873
2792.42,0.01325801
2794.348,0.01317562
2796.277,0.01304048
2798.205,0.01339721
2800.134,0.01356293
2802.062,0.01331224
2803.99,0.01322447
2805.919,0.01339429
2807.847,0.01373512
2809.776,0.01443338
2811.704,0.01413148
2813.633,0.01370185
2815.561,0.01371058
2817.49,0.01367513
2819.418,0.01392673
2821.347,0.01400311
2823.275,0.01382458
2825.204,0.0137812
2827.132,0.01407408
2829.061,0.01429733
2830.989,0.01395827
2832.917,0.01379481
2834.846,0.01432913
2836.774,0.01455581
2838.703,0.01430638
2840.631,0.01459779
2842.56,0.01466526
2844.488,0.01450622
2846.417,0.01432483
2848.345,0.01439249
2850.274,0.01484661
2852.202,0.01472132
2854.131,0.01458286
2856.059,0.01434378
2857.988,0.01418918
2859.916,0.01462996
2861.844,0.01460222
2863.773,0.01466525
2865.701,0.01471942
2867.63,0.0140929
2869.558,0.01354197
2871.487,0.01369699
2873.415,0.01412335
2875.344,0.01391961
2877.272,0.01381134
2879.201,0.01407171
2881.129,0.01408287
2883.058,0.0142176
2884.986,0.01464747
2886.915,0.01500958
2888.843,0.01490569
2890.771,0.01451743
2892.7,0.01442977
2894.628,0.01466663
2896.557,0.01467795
2898.485,0.01478159
2900.414,0.01498446
2902.342,0.01508921
2904.271,0.01508054
2906.199,0.01503296
2908.128,0.01508379
2910.056,0.0150856
2911.985,0.01543535
2913.913,0.01578163
2915.842,0.01568564
2917.77,0.01582895
2919.698,0.01544607
2921.627,0.01537259
2923.555,0.01533185
2925.484,0.01546844
2927.412,0.0156215
2929.341,0.0156654
2931.269,0.0153672
2933.198,0.01488428
2935.126,0.01450182
2937.055,0.01433222
2938.983,0.01433326
2940.912,0.01454943
2942.84,0.01457031
2944.769,0.01449193
2946.697,0.01460491
2948.625,0.01506814
2950.554,0.01456499
2952.482,0.01382769
2954.411,0.01378457
2956.339,0.01380218
2958.268,0.01407804
2960.196,0.01437789
2962.125,0.01402931
2964.053,0.01348633
2965.982,0.01372482
2967.91,0.01396396
2969.839,0.01389117
2971.767,0.01396668
2973.696,0.01425605
2975.624,0.0141699
2977.552,0.01381436
2979.481,0.01381224
2981.409,0.01354873
2983.338,0.01358696
2985.266,0.01406902
2987.195,0.01399266
2989.123,0.01389368
2991.052,0.01392347
2992.98,0.01358056
2994.909,0.01334156
2996.837,0.01318172
2998.766,0.01339809
3000.694,0.01358603
3002.623,0.0134693
3004.551,0.01317341
3006.479,0.01312672
3008.408,0.01353906
3010.336,0.01371465
3012.265,0.01403564
3014.193,0.0140847
3016.122,0.0136268
3018.05,0.01323421
3019.979,0.01317849
3021.907,0.01379064
3023.836,0.01408723
3025.764,0.01376731
3027.693,0.01320921
3029.621,0.01321336
3031.55,0.01336322
3033.478,0.01347742
3035.406,0.01391496
3037.335,0.01372955
3039.263,0.0134487
3041.192,0.0130268
3043.12,0.01296418
3045.049,0.013585
3046.977,0.01358921
3048.906,0.01375051
3050.834,0.01395789
3052.763,0.01386337
3054.691,0.01389279
3056.62,0.01450205
3058.548,0.01417386
3060.477,0.01382104
3062.405,0.01444979
3064.333,0.0146644
3066.262,0.01458662
3068.19,0.01459415
3070.119,0.01384639
3072.047,0.01318271
3073.976,0.01353593
3075.904,0.01458778
3077.833,0.01494122
3079.761,0.01471171
3081.69,0.01410494
3083.618,0.01371991
3085.547,0.0142098
3087.475,0.01471981
3089.404,0.01460109
3091.332,0.01476895
3093.26,0.01440931
3095.189,0.01461568
3097.117,0.01469336
3099.046,0.01414474
3100.974,0.01389264
3102.903,0.01398739
3104.831,0.01451811
3106.76,0.01505656
3108.688,0.01548386
3110.617,0.01537743
3112.545,0.01479137
3114.474,0.01479573
3116.402,0.01480416
3118.331,0.0144626
3120.259,0.01375927
3122.188,0.01409617
3124.116,0.01509388
3126.044,0.01538665
3127.973,0.01516115
3129.901,0.01481335
3131.83,0.0145959
3133.758,0.01520483
3135.687,0.01565007
3137.615,0.01549733
3139.544,0.01621862
3141.472,0.01655347
3143.401,0.01630494
3145.329,0.01554998
3147.258,0.01560202
3149.186,0.01623158
3151.115,0.01604152
3153.043,0.01624966
3154.971,0.01692271
3156.9,0.01721838
3158.828,0.01665054
3160.757,0.01623632
3162.685,0.01668657
3164.614,0.01698611
3166.542,0.01688992
3168.471,0.01636263
3170.399,0.01580132
3172.328,0.01527888
3174.256,0.01567756
3176.185,0.01646467
3178.113,0.01627188
3180.042,0.01650151
3181.97,0.01617801
3183.898,0.01594896
3185.827,0.01627484
3187.755,0.01685188
3189.684,0.01761414
3191.612,0.01775375
3193.541,0.01753599
3195.469,0.01704303
3197.398,0.01691626
3199.326,0.01714689
3201.255,0.01764463
3203.183,0.01720828
3205.112,0.01666567
3207.04,0.01640117
3208.969,0.01643448
3210.897,0.01686039
3212.825,0.01680932
3214.754,0.01645517
3216.682,0.01619674
3218.611,0.01699384
3220.539,0.01746013
3222.468,0.01743502
3224.396,0.01725724
3226.325,0.01725132
3228.253,0.0175769
3230.182,0.01792461
3232.11,0.01798391
3234.039,0.01813477
3235.967,0.01820565
3237.896,0.0182966
3239.824,0.01878066
3241.752,0.01871597
3243.681,0.01877415
3245.609,0.01934745
3247.538,0.01896169
3249.466,0.01837856
3251.395,0.01839831
3253.323,0.01870936
3255.252,0.01911999
3257.18,0.01941916
3259.109,0.01980031
3261.037,0.02024447
3262.966,0.02048644
3264.894,0.02050316
3266.823,0.0202268
3268.751,0.02023501
3270.679,0.019765
3272.608,0.01961162
3274.536,0.02073214
3276.465,0.02149593
3278.393,0.02134075
3280.322,0.02149906
3282.25,0.02124608
3284.179,0.02161769
3286.107,0.02168156
3288.036,0.02185347
3289.964,0.02215577
3291.893,0.02141234
3293.821,0.02092334
3295.75,0.02180406
3297.678,0.02247375
3299.606,0.02227767
3301.535,0.02184222
3303.463,0.0218841
3305.392,0.0223956
3307.32,0.02336122
3309.249,0.02447502
3311.177,0.02486497
3313.106,0.02503951
3315.034,0.02500647
3316.963,0.02479447
3318.891,0.02573979
3320.82,0.02660664
3322.748,0.02730118
3324.677,0.02731927
3326.605,0.02768586
3328.533,0.02845982
3330.462,0.02852021
3332.39,0.02913021
3334.319,0.02981704
3336.247,0.03116554
3338.176,0.03160221
3340.104,0.03250062
3342.033,0.03373421
3343.961,0.03462817
3345.89,0.03513292
3347.818,0.03577526
3349.747,0.03707823
3351.675,0.03803323
3353.604,0.03840007
3355.532,0.0388785
3357.46,0.03942216
3359.389,0.03984272
3361.317,0.04079849
3363.246,0.04220722
3365.174,0.04319328
3367.103,0.04255216
3369.031,0.04201603
3370.96,0.04117237
3372.888,0.04047126
3374.817,0.0394047
3376.745,0.03895227
3378.674,0.03791506
3380.602,0.03648773
3382.531,0.03518082
3384.459,0.03238425
3386.387,0.03018072
3388.316,0.02906407
3390.244,0.0283023
3392.173,0.0273503
3394.101,0.02658207
3396.03,0.02556639
3397.958,0.02417688
3399.887,0.02225569
3401.815,0.02138599
3403.744,0.02159368
3405.672,0.02096128
3407.601,0.01942017
3409.529,0.01858815
3411.458,0.01841496
3413.386,0.01755086
3415.314,0.01713394
3417.243,0.01593683
3419.171,0.01528144
3421.1,0.0151121
3423.028,0.01476673
3424.957,0.01436695
3426.885,0.01382117
3428.814,0.01365075
3430.742,0.01282568
3432.671,0.01208578
3434.599,0.01224321
3436.528,0.01229107
3438.456,0.01226891
3440.385,0.01211949
3442.313,0.01226772
3444.241,0.01267322
3446.17,0.01292389
3448.098,0.01288998
3450.027,0.01216532
3451.955,0.01117514
3453.884,0.01087253
3455.812,0.01081263
3457.741,0.01133574
3459.669,0.01102908
3461.598,0.01031592
3463.526,0.01069576
3465.455,0.0107297
3467.383,0.009858374
3469.312,0.01005224
3471.24,0.01028131
3473.168,0.01008775
3475.097,0.01001105
3477.025,0.01003029
3478.954,0.01071484
3480.882,0.01030813
3482.811,0.009558801
3484.739,0.009656006
3486.668,0.009661815
3488.596,0.009835383
3490.525,0.009983543
3492.453,0.009949223
3494.382,0.009429423
3496.31,0.008739103
3498.239,0.009204599
3500.167,0.00937595
3502.095,0.009227473
3504.024,0.008908093
3505.952,0.00784993
3507.881,0.007819433
3509.809,0.008350072
3511.738,0.008972649
3513.666,0.009484977
3515.595,0.008916887
3517.523,0.008386238
3519.452,0.007843819
3521.38,0.007581802
3523.309,0.007966828
3525.237,0.008759364
3527.166,0.0088951
3529.094,0.008695329
3531.022,0.008888823
3532.951,0.008035818
3534.879,0.00794778
3536.808,0.00815156
3538.736,0.007747381
3540.665,0.007921756
3542.593,0.00894782
3544.522,0.00900656
3546.45,0.008033093
3548.379,0.007637332
3550.307,0.008021964
3552.236,0.008266516
3554.164,0.007660436
3556.093,0.006755204
3558.021,0.006065032
3559.949,0.006142333
3561.878,0.006676346
3563.806,0.006564692
3565.735,0.006790846
3567.663,0.007383653
3569.592,0.008192995
3571.52,0.008567092
3573.449,0.007308783
3575.377,0.00680219
3577.306,0.006604081
3579.234,0.006591443
3581.163,0.006017163
3583.091,0.005786823
3585.02,0.006283981
3586.948,0.006212185
3588.876,0.006193079
3590.805,0.005870936
3592.733,0.006334554
3594.662,0.006626074
3596.59,0.006157337
3598.519,0.00629603
3600.447,0.006757386
3602.376,0.006541284
3604.304,0.006591798
3606.233,0.005817242
3608.161,0.006589127
3610.09,0.006989819
3612.018,0.00570357
3613.947,0.004849239
3615.875,0.005248828
3617.803,0.006554131
3619.732,0.006824418
3621.66,0.005246992
3623.589,0.004645287
3625.517,0.005026242
3627.446,0.004862288
3629.374,0.00416141
3631.303,0.00377425
3633.231,0.004438159
3635.16,0.003585455
3637.088,0.003078691
3639.017,0.003904708
3640.945,0.004266245
3642.874,0.004141066
3644.802,0.005455864
3646.73,0.006615394
3648.659,0.00693833
3650.587,0.00685307
3652.516,0.005375482
3654.444,0.005052619
3656.373,0.005499321
3658.301,0.005004813
3660.23,0.004172347
3662.158,0.005084587
3664.087,0.005327462
3666.015,0.004324365
3667.944,0.004542598
3669.872,0.006362514
3671.801,0.005904937
3673.729,0.005658572
3675.657,0.006444322
3677.586,0.005086937
3679.514,0.004167682
3681.443,0.004613387
3683.371,0.005251786
3685.3,0.005196956
3687.228,0.005780151
3689.157,0.005048251
3691.085,0.002599526
3693.014,0.002142686
3694.942,0.003441108
3696.871,0.003704025
3698.799,0.004307614
3700.728,0.004955843
3702.656,0.004121077
3704.584,0.003818672
3706.513,0.003931087
3708.441,0.004028104
3710.37,0.004512292
3712.298,0.004306685
3714.227,0.003611143
3716.155,0.004244122
3718.084,0.003856915
3720.012,0.003216686
3721.941,0.003599732
3723.869,0.004794509
3725.798,0.00571895
3727.726,0.004597561
3729.655,0.0021585
3731.583,0.003107763
3733.511,0.004263076
3735.44,0.004297047
3737.368,0.003231694
3739.297,0.00326204
3741.225,0.00426915
3743.154,0.005607316
3745.082,0.00577408
3747.011,0.00488831
3748.939,0.005358857
3750.868,0.005413611
3752.796,0.004602294
3754.725,0.004308504
3756.653,0.004578189
3758.582,0.004367497
3760.51,0.004045439
3762.438,0.004744017
3764.367,0.005539596
3766.295,0.00460258
3768.224,0.003798544
3770.152,0.00415625
3772.081,0.004300475
3774.009,0.003811896
3775.938,0.003502998
3777.866,0.004072769
3779.795,0.005121148
3781.723,0.004609496
3783.652,0.00314045
3785.58,0.002483915
3787.509,0.0022425
3789.437,0.002549825
3791.365,0.001980259
3793.294,0.001017626
3795.222,0.001771023
3797.151,0.001148713
3799.079,0.001647569
3801.008,0.004097591
3802.936,0.002919633
3804.865,0.001368558
3806.793,0.002210217
3808.722,0.002634721
3810.65,0.00226303
3812.579,0.00219574
3814.507,0.003379069
3816.436,0.004351296
3818.364,0.00293528
3820.292,0.003344113
3822.221,0.004294531
3824.149,0.003551789
3826.078,0.002434311
3828.006,0.001980095
3829.935,0.002303201
3831.863,0.003437319
3833.792,0.003385078
3835.72,0.002409517
3837.649,0.003080676
3839.577,0.003006517
3841.506,0.002487722
3843.434,0.002773278
3845.363,0.003771969
3847.291,0.003887447
3849.219,0.00303911
3851.148,0.003125774
3853.076,0.004274289
3855.005,0.004023788
3856.933,0.003832888
3858.862,0.004957028
3860.79,0.00513824
3862.719,0.003276349
3864.647,0.001689079
3866.576,0.001776361
3868.504,0.002525617
3870.433,0.003143482
3872.361,0.001805735
3874.29,0.000653021
3876.218,0.001052338
3878.146,0.0014389
3880.075,0.002357557
3882.003,0.00160628
3883.932,0.001671744
3885.86,0.0017713
3887.789,0.002003924
3889.717,0.002208806
3891.646,0.001086461
3893.574,0.000797856
3895.503,0.0008799955
3897.431,0.001886848
3899.36,0.003267686
3901.288,0.002071063
3903.217,0.0009745179
3905.145,0.00196455
3907.073,0.001704512
3909.002,0.0007988146
3910.93,0.0008313612
3912.859,0.002130038
3914.787,0.002661842
3916.716,0.00235058
3918.644,0.001348409
3920.573,-0.0001184687
3922.501,0.00108363
3924.43,0.002851911
3926.358,0.002313376
3928.287,0.001750509
3930.215,0.001450138
3932.144,0.002570166
3934.072,0.003592617
3936.0,0.003070653
3937.929,0.002616941
3939.857,0.001687714
3941.786,0.0007028115
3943.714,0.0007853832
3945.643,0.0006538001
3947.571,0.002498511
3949.5,0.003233265
3951.428,0.00115477
3953.357,-6.366029e-05
3955.285,0.0001487534
3957.214,0.0009033814
3959.142,0.001203363
3961.071,0.0009848913
3962.999,0.001127273
3964.927,0.0008887121
3966.856,0.001859141
3968.784,0.003336141
3970.713,0.002656648
3972.641,0.001013188
3974.57,0.0005396329
3976.498,0.0007097915
3978.427,0.0007169932
3980.355,0.0008835932
3982.284,0.0009471264
3984.212,0.001415759
3986.141,0.001217121
3988.069,0.001208321
3989.998,0.002115641
3991.926,0.001349004
3993.854,0.001008667
3995.783,0.001956465
3997.711,0.001829446
3999.64,0.0007851184
